New Timing
215606
215641
215759
213843
213807
213630
213656
214017
213767
213467
213642
214380
213997
213031
213120
212889
213573
213807
213775
213624
213993
213667
213000
212979
212942
212859
213671
214520
213553
213715
213604
213794
213773
213755
213807
213513
213737
215393
213663
213679
214248
214624
213965
213954
213430
212998
213553
213475
213844
213631
213775
213630
213562
214064
213555
213599
216452
217726
213759
214266
213538
213540
213721
213848
213685
213957
213466
213528
214575
212951
212865
212857
213598
214066
213543
213574
213586
213606
213872
213465
213647
213561
213725
213754
213661
213520
213520
213656
213732
214013
213503
213440
213508
213753
213633
213664
213891
213154
213039
212841
214265
212998
212846
213040
212887
213650
214281
213713
213726
213750
213721
213547
213458
214539
213537
212987
213713
213628
213745
213439
214017
213804
213441
213777
213567
215027
212884
213017
213663
213697
213578
214105
213717
213672
213632
213780
213632
213958
214185
213718
213411
213892
214473
214167
213666
213616
213576
213739
217106
213698
213510
213621
213641
214016
213619
213821
213481
213633
213828
213568
213662
213495
214030
213751
213579
213723
213512
213836
213646
213697
213680
213525
213559
214055
213494
213591
213621
213598
213785
213593
213544
213870
213808
213666
213640
213720
213636
213709
213824
213653
213625
213425
213624
213787
213612
214066
213680
213578
213879
213513
213718
213829
213594
213636
213620
213683
213563
213557
213503
213581
213558
213567
213664
213568
213728
213494
213528
213596
214304
213613
213606
213580
213612
214011
213632
213742
213729
213652
213680
213499
213836
213523
213589
213660
213635
213718
213463
213768
213732
213567
213468
213607
213705
213688
213809
213479
213635
213620
213598
213586
213508
213538
213733
213591
213823
213778
213692
213571
213594
213667
213699
214019
213633
213645
213493
213616
213724
213834
213677
213635
213557
213972
213650
213701
213675
213708
213559
213602
214660
212957
213045
212867
213820
213753
213672
213767
213871
213768
213789
214166
213647
213885
213548
214188
213798
213845
213672
213503
213947
213793
213605
213830
213678
213741
213600
213608
213800
213833
213720
213761
213701
213672
213723
213640
213739
213761
213729
215113
213721
213760
213828
213530
214144
213200
212885
212991
213544
213790
213716
213698
213696
213591
213516
214620
213623
213654
213657
214575
213858
213716
213613
213775
213535
213746
213724
213673
213655
213491
213598
213602
213645
214138
213780
213666
213699
213838
213587
213732
213715
213581
213682
213778
213521
213710
213664
213700
213668
213478
214910
213700
213570
213545
213798
213742
213733
213666
213783
213769
213791
213532
213648
213629
213636
213761
213681
213661
213539
213641
213824
213588
213613
213603
213854
213557
213558
213760
212945
212920
213700
213524
213478
213746
213693
213647
213667
213912
213695
213468
213764
213732
213687
213561
214074
213743
213582
213797
213589
213681
213782
213540
213716
213797
213612
213710
213829
213564
213520
213832
213729
214067
213551
213616
213552
213733
213579
213581
213853
213671
213621
213814
213523
213702
213464
213890
213580
213528
213700
213708
213654
213849
213584
213702
213700
213680
213795
213592
213603
213644
213709
213458
213648
213719
213647
213671
213541
213626
213618
213518
213697
213752
213519
213719
213490
213612
213662
213634
215546
213727
213790
213700
214272
214008
213541
213668
213725
213911
213564
213565
213667
213578
213809
213497
213725
213488
213618
213580
213050
213024
213063
213723
213604
213794
213819
213748
213731
213628
213641
213532
213660
213657
213641
213591
213722
213703
213723
213548
213734
213517
213725
213681
213520
213594
213762
213809
213651
213659
213894
213542
213778
213766
213695
213518
213614
213588
213511
213772
213557
213650
213637
213562
213613
213620
213644
213532
213538
213538
213630
213568
213759
213598
213757
213779
214105
213843
213715
213882
213646
213666
213730
213649
213594
213756
213595
214043
213641
213563
213676
213848
213686
213585
213592
213567
213598
213685
213636
213600
213480
213607
213679
213717
213630
213517
213671
213817
213632
213956
213661
213458
213926
213556
213502
213606
213633
213592
213697
213903
213542
215290
214311
213019
212917
212837
212968
213319
212937
213570
213505
213558
213850
213666
213644
213626
213793
213605
213579
213722
213873
214091
213714
213568
213627
213741
213635
213655
213438
213530
213645
213589
213646
213507
213557
213922
213607
213775
213543
213677
213703
213477
213835
213618
213711
213703
213530
213586
213740
213580
213549
213597
213688
213588
213608
213457
213567
213798
213659
213619
213754
213439
213681
213678
213577
213637
213602
213859
213592
213660
213740
213957
213651
213750
213510
213610
213555
213653
213594
213459
213622
214878
213807
213555
213519
213756
213647
213804
213991
213626
213641
213698
213695
213648
213814
213544
213645
213999
213671
213578
213679
213701
213765
213560
213597
213592
213598
213725
213682
213666
213586
213631
213705
213716
213523
213560
213980
213696
213668
213648
213680
213635
213516
213739
213573
213616
213729
213584
213699
213566
213911
213582
213637
213576
213651
213571
213582
213749
213757
213632
213648
213684
213732
213682
213459
213587
213684
213879
213641
213769
213544
213593
214104
213754
213883
213781
213654
213763
213772
213378
213797
213972
213977
213547
213825
213683
213713
213625
213713
213872
213695
213620
213700
213578
213639
213728
213674
213756
213719
213597
213743
213706
213718
213601
213694
213649
213685
213768
213780
213746
213732
213657
213602
213549
213663
213513
213679
213658
213543
213737
213694
213729
213549
213776
213777
213808
213578
213711
213684
213715
213729
213594
213677
213779
213534
213698
213712
213726
213524
213607
213631
214100
213869
213581
213604
213953
215040
214410
213705
213859
214189
215274
215023
213866
214055
213743
213983
214078
214645
213580
213504
213855
213684
213704
213637
213730
213697
213822
213919
213531
213520
213887
213587
213737
213674
213584
213649
214793
213801
213809
213676
213819
213554
214080
213620
213724
214531
213553
213690
214088
213596
213834
213711
213581
213810
213655
213909
213919
214272
212940
213004
212886
213774
215018
213526
213579
213606
213626
213865
213937
213580
213713
213785
213644
213887
214593
213181
213611
213634
213920
214048
216504
213754
213594
214254
214138
213561
213625
213686
213606
213569
213646
213609
213609
213620
213580
213628
213644
213749
213623
213556
213607
213683
213552
213742
213591
213720
213640
213643
213626
213821
213570
213606
213738
213550
213612
213577
213603
213576
213582
213585
213624
213703
213562
213523
213553
214066
213671
213664
213675
213721
213516
213775
213657
213622
213643
213537
213662
213622
213642
213604
213597
213795
213638
213743
213577
213774
213666
213534
213623
213690
215085
213003
212980
213633
213672
213729
214062
213528
213558
213630
213588
213739
213598
213556
213579
214818
213815
213751
213608
213508
213677
213832
213188
212898
212910
213701
213699
213615
213546
213754
213704
213670
213596
213747
213638
213598
213671
213744
213641
213547
213956
213696
213761
213417
213507
213751
213933
213696
213627
213688
213706
213793
213628
213656
213725
213566
New Timing
215435
215449
215538
215860
215575
215569
215645
215544
215380
215474
215643
215537
216084
215696
215696
215588
215521
215948
215371
215861
215526
215412
215567
215416
215772
215645
215482
215475
215577
215640
215436
215561
215686
215511
215569
215515
215499
215486
215580
215681
215476
215490
215461
215356
215564
215608
215670
215448
215664
215548
215501
215491
215582
215500
215743
215570
215454
215429
215563
215693
215428
215581
215480
215655
215513
215419
215502
215607
215531
215568
215445
215735
215478
215517
215645
215476
214846
215528
215808
215643
215748
215506
215558
215629
215745
215658
215518
215472
215446
215998
215557
215685
215785
215504
215591
215599
215486
215437
215767
215510
215460
215550
215410
215489
215645
215798
215536
215535
215502
215776
215573
215670
215693
215547
215673
215673
215549
215500
215564
215654
215630
215691
215844
215579
215771
215534
215662
215694
215763
215926
215662
215552
215442
215584
216442
216341
215839
215540
215445
215614
215618
215464
215610
215609
215699
215536
215538
215835
215491
215702
215558
215649
216029
215696
215599
215509
215684
215633
215575
215639
215639
215496
215501
215636
215538
215488
215527
215634
215722
215614
215484
215422
215735
215700
215639
215595
215555
215761
215455
215614
215751
215403
215515
215522
215671
216189
215601
215466
215598
215591
215688
215587
215539
215526
215887
215503
215618
215620
215601
215676
215646
215736
216428
215695
215541
215550
215518
215713
215733
215666
215608
215560
215537
215539
215709
215516
215563
215614
215485
215627
215590
215826
215627
215468
215656
215551
215561
215519
216137
214954
215525
215517
215544
215651
215659
216073
214793
214903
215056
214896
215470
214712
214768
214903
215430
215518
215464
215452
215546
215772
215454
216097
216429
215617
215629
215767
215556
215650
215557
215624
215536
215448
215773
215598
215632
215539
215463
215554
215433
215726
215699
215625
215396
215519
215574
215617
215728
215775
215435
215535
215487
215481
215510
215597
215713
215693
215626
216540
215619
215680
215781
216694
215064
215718
215662
215691
215605
215539
215706
215554
216556
215697
215152
214760
215000
214849
214775
215175
215001
214960
215763
215473
215543
215464
216134
215543
215530
215518
215463
215650
215528
215519
215507
215666
215522
215577
215426
216318
214826
214890
215551
215781
215511
215545
215617
215382
215494
215575
215535
215517
215550
215574
215481
215481
215712
215596
215424
215625
215382
215639
215656
215824
215536
215676
215488
215596
215579
215379
215528
215723
215520
215569
215365
215648
215741
215461
215517
215907
215419
215748
215614
215433
215557
215753
216906
215718
215359
215620
215584
215702
215437
215419
215557
215471
215658
215332
215629
215523
215635
215507
215661
215602
215474
215515
215679
215509
215521
215572
215416
215601
215807
215666
215484
215505
215467
215471
215536
215501
215540
215639
215468
215573
215422
216693
215869
215377
215514
215570
216607
215520
215717
215455
215531
215617
215541
215636
215432
215745
215921
216080
215845
215908
216370
215913
215769
215823
215635
215910
215573
215995
215573
215845
215857
216087
215877
215858
215715
215912
215611
215580
215547
215802
215663
215838
215591
215968
216061
216018
215755
215707
215585
215842
215556
215621
215537
215609
215593
215872
215675
215703
215787
215377
215574
215128
215037
214946
215451
215458
215485
215688
215740
215593
215471
215606
215688
215442
215434
215527
215477
215513
215479
216551
215417
215575
215657
215653
215678
215451
215419
215601
216145
215386
215536
215481
215765
215377
215977
215695
215460
215618
215545
215568
215436
216486
214846
214852
215567
215630
215566
215575
215492
215431
215486
215599
215764
215602
215574
215628
215404
215528
215802
215545
215538
217272
214898
214951
214775
215056
214921
215659
215832
215558
215670
215578
215964
215521
215476
215327
215543
215798
215444
215485
215509
215798
215721
215523
215386
215468
215579
215549
215568
215496
215642
215492
215698
215484
215573
215656
215613
215793
215561
215695
215666
215464
215745
215464
215461
215506
215533
215623
215430
215645
215529
215699
215485
215560
215578
215518
215387
215512
215384
215534
215465
215384
215516
215642
215567
215458
215449
215583
215411
215494
215595
215443
215495
215557
215402
215465
215364
215723
215426
215762
215558
215378
215584
215663
215585
215383
215595
215634
215493
215543
215490
215554
215486
215474
215472
215438
215547
215502
215431
215364
215577
215442
215728
215436
215410
215535
215524
215591
215560
215749
215565
215807
215502
215453
215974
215735
215633
215533
215622
215716
215847
215649
215654
215672
215656
215603
215503
215627
215299
215645
214749
214845
215530
215504
215449
215498
215536
215555
215477
215512
215853
215491
215639
215513
215397
215455
215685
215654
215400
215604
215521
215529
215559
215674
215452
215474
215712
215510
215580
216857
215956
215510
215565
215548
215505
215442
215132
214837
215633
215441
215509
215385
215750
215603
215728
215548
215547
215637
215403
216015
215607
215706
215529
215649
215632
215497
215402
215513
215789
215722
215758
215707
215576
215713
215456
215736
215594
215664
215818
215517
215745
215815
215967
216023
215621
215592
215433
219136
215880
215732
216052
215519
215710
215458
215618
215662
215642
215519
215476
215641
215508
216093
215539
215549
215446
215557
215675
215286
214885
215398
215712
215407
215633
215705
215727
215539
215362
215712
215707
215580
215873
215606
215617
216318
215088
215146
214855
215585
215644
215507
215790
215709
215538
215888
216212
215514
215853
215687
215848
215524
215664
215381
215638
215628
215885
215666
215528
215634
215508
215773
215574
215496
215703
215430
215561
215411
215656
215487
215417
215791
215712
215539
215532
215714
215583
215440
215651
215505
215479
215379
215344
215465
215724
215611
215521
215653
215680
215592
215555
215422
215553
215469
215768
215494
215543
215458
215526
215686
215632
215814
215561
215590
215424
215555
215625
215691
216611
215559
215686
215587
215997
215761
215610
215633
215730
215738
215787
215602
215644
215526
215775
215498
215713
215655
215687
215619
215580
215657
215612
215872
215452
215633
215669
215636
215659
215670
216145
215605
215643
215787
215417
215720
215654
215689
215524
215632
215469
215575
215743
215400
215557
215439
215600
215450
215605
215554
215293
215661
215505
215578
215553
215527
215722
215352
215695
215542
215566
215611
215576
215580
215441
215678
215650
215539
215737
215567
215516
215666
215613
215715
215558
215546
216096
215622
215520
215591
215605
215692
215542
215540
215497
215560
215593
215582
215657
215347
215677
215479
215590
215573
215560
215648
215536
215605
215457
215523
215606
215464
215537
215414
215542
215567
215511
215622
215413
215518
215480
215688
215442
215435
215681
215655
215722
215483
215559
215398
215551
216927
215530
216072
215489
215730
215698
215567
215507
215428
215541
215535
215692
215438
215709
215624
215507
215742
215661
215756
215539
215549
215642
216063
215704
215421
215681
215403
215621
215706
215385
215670
215550
215650
215677
215494
215493
215649
216558
215901
214912
214864
214792
214854
214863
215558
215673
215547
215336
215739
215554
215750
215534
215612
215665
New Timing
217704
217641
217717
217588
217662
217735
217699
217707
217816
217606
217714
217630
218083
217478
217745
217673
217777
217497
217605
217718
217596
217751
217504
217581
217807
217765
217663
217623
217599
217583
217609
217580
217969
217518
217594
217819
218669
217752
217555
217966
217689
218055
217849
217582
217763
217694
217785
217697
217580
217618
217594
217578
217629
217706
217662
217690
217756
217678
217849
217601
217749
217550
217800
217515
217796
217746
217538
217729
217577
217797
217755
217618
217629
217709
217611
217709
217640
217707
217871
217500
217746
217630
217621
217752
217742
217716
217474
217684
217738
217511
217676
217500
218693
217616
217706
217718
217726
218142
216876
217110
217777
217784
217797
217561
217743
217774
217703
217443
218123
217766
217889
217737
217491
217620
217513
217786
217499
217691
217413
217624
217646
217504
217668
217688
217579
217729
217626
217729
217504
217635
217617
217699
217557
217768
217605
217647
217818
217395
217641
217665
217852
217759
217712
217690
217514
217832
217752
217681
217626
217600
217803
217704
217977
217718
217750
217576
217525
217545
217491
217687
217629
218065
217703
217841
217623
217770
217749
217507
217659
217475
217870
217546
217718
217845
217631
217629
218271
217721
217523
217818
217665
217633
217775
217715
217644
217796
217749
217629
217898
217709
217446
217852
217640
217982
217677
217661
218043
217528
221554
217118
217772
217635
218265
219006
217489
218963
216947
217784
217782
217791
217624
217742
217518
217432
217402
217228
217483
217237
217517
217356
217541
218672
217779
217879
217313
217478
217532
217592
217406
217449
217509
217487
217352
217370
217441
217353
217452
217585
217325
217430
217507
217306
217967
218030
217366
217589
217703
217200
217560
217575
217459
217625
217337
217482
217399
217678
217478
217314
217418
217456
217751
217355
217465
217465
217454
217580
217413
217421
217483
217731
217454
217610
217420
217181
218714
217404
217364
217682
217274
217145
217520
217559
217497
217522
217476
217412
217414
217368
217650
217377
217536
217306
217349
217337
217414
217653
217240
217771
217349
217522
217516
217750
217492
217607
217220
217490
217643
217589
218074
217490
220097
218253
217567
217432
217566
217758
217403
217627
217318
217303
217802
217423
217489
217458
217727
217524
217644
217309
217556
217807
217401
217710
217368
217504
217617
217338
217706
217511
217472
217423
217644
217349
217529
217757
217642
217671
217706
218007
217920
217463
217509
217571
217640
217407
217417
217315
217585
217625
217568
217408
217476
218344
217501
217601
217354
217689
217693
217492
217704
217428
217706
217556
217640
217287
217562
219404
217687
218158
218021
218897
217693
217193
217272
217671
217469
217604
217552
217355
217312
217645
217425
217488
217331
217710
217531
217744
217282
217438
217488
217374
217718
217373
217548
218455
217197
217216
217164
217592
217184
217403
217438
217387
217573
217367
217527
217243
217899
217406
217594
217436
217268
217342
217516
217564
217592
217670
217555
217356
217691
217518
217729
217141
217695
217211
217168
217852
217272
217700
217476
217652
217443
217669
217537
217328
217594
217474
217650
217453
217573
217821
217500
217414
217948
217562
217416
217825
217539
217557
217547
217538
217498
217518
217542
217465
217663
217657
217357
217787
217628
217539
217588
217647
217533
218018
217384
217261
217707
217430
217674
217405
217515
217670
217665
217558
217320
217850
217265
217634
217565
217309
217516
217640
217606
217546
217456
217693
217615
218681
218010
217477
217491
218574
217494
217584
217197
217169
218108
217352
217160
217409
217706
217449
218329
217474
217369
217744
217643
217536
217801
217771
217407
217572
217694
217481
217498
217589
217365
217566
218005
217640
217402
217541
217260
217501
217436
217300
217325
217442
217517
217519
217696
217560
217926
217551
217446
217508
217275
217746
217231
217356
217527
217461
217355
217365
217561
217431
217543
217782
217227
217534
217543
217504
217693
217429
217428
217411
217444
217312
217304
217281
217611
217486
217372
217463
217290
217557
217244
217758
217409
217698
217496
217448
217678
217234
218353
217464
217527
217571
217242
217370
217906
217494
217374
217347
217776
217640
217571
217468
217465
217372
217775
217482
217581
217377
217340
217607
217454
217280
217543
217498
217677
217560
217190
217539
217668
217373
217582
217594
217655
217573
218409
217277
217655
217451
217263
217593
217489
217185
217365
217690
217702
217363
217203
217202
217376
217478
217250
217319
217234
217493
217570
217306
217376
217417
217177
217326
217533
217468
217436
217247
217507
217896
217401
217801
217595
217465
217732
217787
217262
217535
217564
217370
217489
217473
217340
217581
217243
217470
217406
217605
217325
217390
217450
217380
217409
217649
217546
217505
217428
217467
217615
217383
217495
217502
217562
217541
217396
217413
217576
217661
217380
217408
217528
217375
217475
217570
217511
217455
217540
217331
217337
217513
217622
217278
217297
217601
217409
217648
217318
217341
217504
217621
217577
217490
217291
217474
217367
217588
217563
217531
217644
217634
218138
217455
217357
217643
217823
217393
217803
217672
217584
217860
217793
217615
218730
217361
217712
217490
217813
217433
217671
217552
217510
217589
217670
217674
217515
217423
217647
217710
217284
217670
217482
217466
217736
217543
217445
217536
217368
217720
217569
217670
217632
217655
217588
217609
217555
217800
217582
217556
217659
217690
217573
218910
217463
217549
217912
217367
218412
217609
217476
217661
217186
217653
217690
218441
217262
217090
217500
217487
217352
217462
217707
217502
217787
217565
217681
217571
217378
217090
217219
217637
217222
217300
217521
217604
217847
217412
217487
217701
217421
217339
217556
217559
217484
217274
217433
217422
217624
217489
217617
217433
217373
217304
217585
217470
217327
217517
217593
217564
217576
217458
217504
217318
217383
217519
218235
217569
217116
217550
218265
217423
217162
217425
217505
217488
217244
217336
217316
217630
217403
217502
217463
217398
217233
217574
217299
217443
217484
217410
219303
217376
217568
217551
217425
217396
217770
217664
217530
217460
217773
217293
217525
217434
217345
217454
217452
217545
217625
217266
217455
217663
217475
217648
217460
217509
217640
217712
217298
217474
217495
217278
217400
217599
217572
217830
217559
217670
217424
217513
217397
217467
217584
217479
217434
217628
217498
217567
217562
217624
217535
217433
217678
217646
217430
217881
217538
217608
217638
217402
217584
217463
217783
217447
217492
217433
217465
217962
217532
217515
217508
217421
217760
217513
217619
217598
218080
217439
217611
217645
217603
217906
217174
217352
217375
217854
217565
217545
217603
217506
217546
217598
217386
217405
217475
217751
217434
217566
217530
217393
217652
217566
217478
217523
217651
217599
217439
217476
217816
217498
217453
217448
217120
217434
217438
217540
217598
217482
217371
217362
217560
217339
217538
217181
217482
217413
217314
217650
217525
217386
217443
217692
217290
217345
217408
217343
217448
217585
217489
217304
217577
217495
217598
217318
217736
217630
217367
217322
217293
217390
217497
217597
217365
217385
217466
217734
217291
217208
217330
217797
217458
217487
218881
New Timing
216376
216885
216844
216750
216641
216344
217975
216694
216920
216561
216601
216662
217015
216606
217220
216509
216625
216558
216842
216734
216746
217159
216644
216435
216853
217913
216802
216866
216974
216925
217592
216481
216367
216972
216688
216494
216572
216832
216733
216466
216552
216840
216695
216749
216680
216713
216827
216739
216494
216677
216960
216549
216717
217920
216418
216642
216905
216620
216456
216763
216753
216523
216675
216439
216551
216713
216760
216463
216752
216804
216566
216872
216699
216766
216799
217086
216465
216400
216380
216582
216759
216837
216760
216668
216734
216518
216568
216555
216439
216988
217570
216704
216377
216647
216793
216698
216672
216471
216712
216703
216475
216634
216547
216621
216585
216594
216841
216678
216627
216750
216585
216802
217237
216768
216700
216764
216676
216579
216750
216655
216718
216563
216894
216810
216749
216632
216809
216579
216621
217437
216579
216616
216600
216613
216813
216956
216786
216664
216990
216654
216510
216673
216505
217669
216457
216610
216617
216636
216529
216609
216716
216704
216548
216634
216660
216670
216828
216834
216784
216637
216567
216731
216652
216705
216663
216629
216847
216442
216777
216453
216809
216774
216544
216548
216638
216800
216922
216478
216644
216718
216755
216842
216488
216778
216757
216537
216726
216498
216484
216901
216741
216654
216572
216575
216714
216690
216897
216774
216671
216629
216572
216888
216626
216865
216642
216625
216564
217085
216878
216683
216689
216676
216651
216807
216788
216595
216648
216717
216665
216589
216547
216798
216768
216862
216636
216576
216827
216720
216698
216681
216648
216568
216707
216569
216663
216637
217016
216567
216706
216604
216623
216650
216955
216849
216824
216404
216727
216838
216567
216822
216582
216702
216812
216754
216741
216711
217049
216622
216817
216682
216586
216687
216575
216894
216532
216390
216592
216510
216750
216636
216606
216629
216740
216495
216598
216690
216874
216808
216569
216598
216368
216826
217790
216570
216365
216622
216781
216709
216808
216482
216768
216722
216704
216525
216661
216763
216552
216544
216702
216579
216559
216665
218009
216649
216616
216741
216785
216370
216511
216601
216410
216716
216679
216770
216810
216791
216627
216507
216562
216535
216598
216770
216816
216718
216900
216565
216816
216888
216502
216851
216592
216660
216722
216866
216531
216886
216808
216748
216753
216602
216877
216779
216577
216744
216657
216586
216818
216467
216523
216556
216669
216708
216591
216493
216903
216693
216900
216593
216534
216855
216419
216501
216430
216573
216573
216694
216679
216675
216662
216572
216845
216799
216493
216641
216620
216574
216454
216662
216524
216584
216695
216789
216664
216739
217703
216665
216655
216392
216796
217733
216668
216482
216725
216725
216650
217240
216595
216760
216534
217202
216904
216601
216412
216408
216449
216637
216623
217008
216729
216769
216634
216663
216620
216681
216694
216800
216520
216740
216507
216567
216766
216604
216584
216661
216423
216958
216733
216761
216741
217169
216859
216621
216839
216495
216616
216673
216557
216531
216876
216976
216601
216959
216835
216776
216834
216803
216832
216460
216657
216690
216648
216608
217295
216551
216328
216819
216922
217029
217062
216693
216922
216675
216496
216978
216649
216579
217097
216741
216763
216528
216656
217000
216738
216555
216709
216806
216739
216703
216532
216640
216782
216827
216685
216666
216743
216602
216803
216659
216723
216834
216991
216773
216663
216888
216895
216853
216853
216999
216885
216767
216907
216810
216676
216868
216745
216726
216237
216677
216836
218039
216134
216225
216062
216802
216841
216751
217336
216826
217434
216318
216190
216285
218520
216828
216101
216107
216965
217892
217390
217440
217331
219220
219110
217533
217391
217416
217839
216812
216789
216806
216825
217148
216979
217113
216809
217805
216844
216623
216736
216127
216223
216750
216099
216239
216066
217041
216969
216866
216840
216861
216833
216764
216818
216833
216737
217740
217563
216354
216196
216764
216887
217668
217044
216224
216151
216837
217088
216815
217871
218080
217033
217105
216882
217188
216891
216769
217053
217169
216951
216899
216989
216943
216787
216737
216780
216947
217044
216987
216685
216897
217061
216730
216850
216952
216810
217292
216888
216699
216821
216784
216871
216751
216863
216828
216807
217786
216981
216714
216940
216766
216767
217062
216782
217049
216811
216725
216826
216714
217091
216816
216956
216894
217250
216727
216840
216910
216978
216980
217160
216712
216869
216934
216910
216846
216826
217013
216865
216914
216875
217058
216745
216871
217095
216903
216716
216972
217022
216819
217076
216798
216985
216938
216783
216972
216839
217677
216833
216810
217072
216878
216739
216835
218496
216788
216177
216588
216740
216409
216606
216749
216587
216766
216466
216502
216607
216406
216884
216685
216679
216555
216685
216665
216669
216381
216965
217063
216663
216286
216348
216692
216924
216779
216738
216748
216882
216481
216744
217451
216746
216706
216471
216801
216703
216654
216889
216738
216940
216680
216602
216847
217361
216815
216691
216598
216626
216662
216644
216607
216803
216628
216881
216765
216822
216708
216828
216838
216763
216670
216951
216873
216794
216847
216746
216715
216878
216562
216784
216463
216781
216632
216881
216666
216733
216794
216677
216534
216747
216872
216709
216629
216799
216758
216560
216639
216570
216636
216640
216526
216668
216622
216474
216813
216740
216440
216726
216684
217002
216451
216619
216425
216848
216897
216460
216847
216564
216685
216832
216584
216691
216824
216676
216571
216801
216534
216699
216751
216900
216675
216581
216859
216816
216607
216500
216692
216951
216928
216757
216690
216773
216515
217022
217187
216866
217041
216607
216904
216830
216990
216653
216518
216941
216656
216682
216729
216732
216509
216791
216654
216658
216643
216667
216827
216849
216773
216493
216956
216647
216531
216719
216631
216596
216719
216417
217755
216556
216429
216718
216506
217038
216869
216855
216763
216938
216509
216712
218334
216631
216753
216770
217049
216714
216673
216777
217962
216613
216709
216820
216470
216847
216463
216557
216572
216644
216491
216666
216836
216809
216901
216487
216581
216583
216509
216628
216718
216601
216612
216694
216859
216479
216709
216475
216840
216534
216700
216441
216711
216816
216694
216797
216827
217043
216564
216432
216739
216551
216917
217194
216640
216649
216749
216720
216566
216611
216501
217007
217097
216608
216741
216771
216714
216666
216699
216724
216885
216543
216505
216600
216785
216638
216586
216523
216532
216500
216660
216592
216523
216658
216735
216731
216516
216779
216543
217186
216604
216881
216683
216665
216780
216866
216608
216882
217078
216859
216582
216626
216661
216839
216660
216678
216827
216911
216606
216608
216505
216590
216619
216672
216578
216711
216465
216663
216649
216606
216523
216994
216737
216660
216686
216488
216660
216663
216810
217146
216647
216870
216612
217115
216421
216393
216770
216538
216828
217008
217245
216712
216652
216853
216934
216428
216761
216427
216693
216637
216658
216563
216705
217004
216757
216650
216687
216763
216954
216787
216627
216738
216913
216985
216488
216565
216764
216540
216546
217353
New Timing
217294
217646
217608
217498
217383
217458
217421
217476
217756
217426
217583
217470
217648
217556
217518
217673
217628
217462
217633
217874
217537
217351
217513
217400
217475
217623
217626
217668
217556
217640
217412
217653
217692
217498
217250
217525
217866
217626
217612
217491
217487
217470
218021
217342
217593
217454
217700
217532
217398
217505
217788
217522
217726
217445
217592
217699
217612
217576
217518
218069
217575
217589
217543
217934
217747
217500
217753
217531
217704
217655
217712
217354
217598
217693
217205
217233
217552
217725
217461
217643
217418
217495
217693
217703
217556
217653
217591
217615
217519
217489
217463
217522
217531
217733
218224
217821
217841
217587
217659
217589
217557
218130
217572
217458
217490
217634
217386
217886
219017
217546
217320
218094
217565
218396
217813
217493
217753
218571
217458
218016
217612
217636
217988
217823
217254
217238
217585
217643
217895
217695
217729
217449
217690
217460
217334
217463
217581
217631
217465
217436
217525
217544
217623
217598
217355
217559
217598
217635
217824
217348
217466
217496
217649
217736
217421
217416
217447
217770
217576
220167
217487
217608
217599
217929
217542
217695
217584
217563
217597
217329
217528
217497
217523
218250
218001
217603
217883
217659
217691
217576
217707
217444
217755
217628
217441
217980
217758
217742
217479
218035
217686
217546
217924
217534
217924
217599
217502
217805
217534
217457
219065
217682
217416
217677
217577
217434
217402
217510
217643
217513
217809
217647
217840
217495
217412
217600
217631
217887
217543
217571
217893
217401
217447
217350
217548
217351
217308
217589
217494
217539
217345
217837
217516
217461
217412
217615
217556
218075
217344
217329
217634
217440
217448
217566
217707
217519
217445
217481
217520
217568
217495
217603
217559
217441
217734
217705
217348
217632
217585
217531
217637
217316
217606
217760
217386
217428
217718
217614
217673
217559
217524
217647
217827
217459
217403
217426
217506
217697
217922
217280
217171
217522
217502
217379
217405
217498
217651
217572
217386
217696
217574
217550
217511
217536
217330
217592
217211
217971
217489
217326
217613
217740
217636
217582
217706
217746
217578
217703
217342
217715
217408
217387
217600
217522
217580
217421
217577
217490
217895
217268
217425
217590
217683
217435
217525
217673
217478
217889
217463
217492
217584
217617
217643
217623
217547
217562
217528
217684
217907
217394
217490
217743
217662
217445
217609
217606
217935
217519
217650
217390
217573
217582
217587
217425
217452
217627
217499
217653
217338
217404
217608
217605
217515
217419
217790
218586
217335
217345
217412
217628
217593
217477
217649
217613
217410
217789
217444
217647
217436
217936
217663
217384
217665
219469
217721
218698
217356
217596
217557
217649
217453
217565
217604
217440
217538
217723
217464
217624
217262
217625
217340
217776
217694
217616
217543
217657
217701
217596
217653
217316
217734
217467
217745
217512
217255
217434
217484
217771
217361
217806
217614
217468
217621
217467
217536
217576
217721
217509
217538
217585
217502
217574
217655
217723
217634
218742
217243
217309
217353
217870
217580
217568
217624
217467
217551
217659
217468
217524
217542
217580
217723
217526
217515
217701
217604
217595
217850
217440
217477
217765
217393
217602
217553
217607
217402
217574
217514
217748
217518
217569
217473
217443
217935
217799
217614
217467
217932
217751
217347
217391
217400
217693
217484
217324
217473
217340
217369
217453
217758
217378
217567
217690
218400
217427
217301
217500
217414
217609
217459
217432
217503
217468
217573
217516
217509
217395
217608
217711
217366
217692
217250
217905
217584
217608
217673
217477
217682
217468
217428
217570
217598
217545
217635
217468
217322
217774
217455
217778
217610
217346
217537
217527
217734
217533
217617
217388
217383
217536
217631
217522
217633
217571
217713
217478
217762
217495
217602
217470
217622
217383
217638
217482
217502
217335
217535
217554
217412
217663
217451
217564
217418
217551
217707
217438
217623
217812
217566
217769
217515
217889
217511
217637
217537
217487
217618
217571
217544
217635
218005
217728
217591
217474
217405
217734
217872
217630
217585
217719
217669
217742
217836
217471
217671
218188
217274
217176
217620
217638
217481
217759
217546
217496
217395
217765
217424
217311
217744
217389
217253
217358
217770
217324
217483
217671
217975
217526
217615
217517
217622
217555
217579
217458
217408
217328
217586
217542
217482
217636
217586
217472
217550
217778
217885
217384
217181
217466
218146
217351
217328
217375
217558
217545
217431
217244
217420
217501
217351
217728
217306
217695
217228
217578
217627
217502
217688
217496
217443
217455
217330
218757
217396
217743
217681
217655
217798
217598
217606
217613
217462
217440
217602
217671
217562
217495
217418
217576
217748
217798
217405
217687
217535
217624
217486
217441
217667
217445
217676
217649
217701
217541
217428
217486
217533
217848
217485
218434
217407
217599
217707
217606
217696
217816
217856
217766
217778
217467
217236
217732
217428
217977
216998
216984
217053
217081
216938
217639
217622
217703
217737
217604
217857
217704
217706
217956
217540
217892
217589
217952
217705
217678
217853
217466
217875
217543
217559
217862
217707
217972
218010
217771
217558
217778
218723
217879
217700
217700
218133
217627
217643
217759
217951
217671
218213
217870
217629
217877
217579
217861
217594
217649
217815
217667
217951
217604
217750
217777
217590
217789
217978
217709
217757
217644
217740
217705
217530
217811
217560
217656
217791
217595
217859
217638
217779
217743
217568
217667
217634
217706
217544
217522
217841
217727
217728
217722
217768
217569
217919
217738
217562
217610
217568
217677
217645
217682
217593
217655
217830
217852
217723
217891
217754
217628
217748
217614
217555
217890
217868
217924
217758
217792
217730
217747
217855
217701
217647
217753
217745
217762
217613
217714
217656
217781
217732
217881
217686
217764
217766
218095
217855
217676
217715
217635
217806
217698
217526
217798
217556
217848
217802
217599
217853
217825
217739
217528
217892
217628
218037
217738
217622
217735
217681
217952
217603
217905
217693
217793
217825
217791
217724
217553
217703
217546
217802
217672
218991
217215
217707
217805
217662
218020
217650
217624
217803
217805
217858
217614
217857
217865
218049
217895
218302
217720
217799
217821
217762
217766
217593
218024
217800
217661
217761
217673
217889
217478
217859
217775
217842
218012
217838
217924
217714
217971
217740
217692
217694
217797
217943
217838
217853
217814
217977
217921
217806
217819
217826
217778
217557
217781
217711
217839
217827
217527
217579
217762
217949
219343
217679
217811
217646
218137
217548
217705
217586
217804
217719
217688
217796
217764
217752
217578
217724
217647
218039
217727
217664
217643
217688
217944
217564
217553
217739
217864
217814
217673
217650
217738
217868
217912
217635
217649
217565
217655
217749
217644
217864
217799
217697
217732
217837
217724
217754
217495
217632
217767
217883
217750
217588
217774
217684
217737
217655
217617
217890
217532
219009
216915
217055
217652
217593
217784
217829
217888
217770
217991
218076
217750
217807
217813
217734
217537
217742
217655
217864
217666
217673
217852
217710
218053
217678
217793
218125
218907
217119
New Timing
215437
215939
217628
216457
216119
216016
216016
215913
216072
215946
215921
215914
216254
215840
216008
215818
215933
216067
216125
215916
215945
215922
215818
216185
215864
215982
215966
215912
216041
215925
215977
215764
215978
216406
215937
215968
215886
215888
216402
216063
215764
215688
215978
215923
216011
215815
216135
215773
216150
215876
215997
215799
216519
216338
215863
215872
216165
215812
215950
215805
215901
216117
215933
217362
215905
216067
216183
216415
216606
216106
215349
215341
215111
215788
215819
215204
215234
215197
216473
215975
215909
215801
215919
215903
215855
216028
215829
215843
216403
215197
216193
215756
216054
216083
215992
216086
215814
215582
215406
215274
215940
215738
215822
215929
216388
215699
215963
216017
216089
216071
215649
215931
215775
215873
216009
216025
215950
215861
216157
215856
215858
215848
216046
215814
215839
216142
215931
216171
215879
215783
215758
215806
216020
215849
215919
215761
215911
216108
215969
216004
216030
216064
216524
215964
216004
215959
215814
215860
215938
215903
215886
216053
215981
215980
215822
215933
215700
215922
215727
215929
215808
215739
216002
215954
216855
215258
215109
215296
215864
215989
215735
215784
215880
215870
216114
215839
215932
215702
216059
215960
215925
215860
216011
215964
215734
216088
215989
215889
217247
215819
215780
215864
216072
216186
215876
215893
216200
215895
215961
215839
216045
215968
215808
215906
215773
215712
216048
215934
216052
215838
216344
215882
216137
216083
215967
216263
215708
215919
215894
216033
216049
215786
215986
215943
216062
215927
215849
215913
215171
215158
215824
215943
215773
215975
215856
215746
215858
215840
215973
215818
215709
215961
215773
216077
215941
216120
215905
215883
216123
215900
215898
216075
216011
215072
216003
215955
215980
215959
215861
215709
215879
215808
215851
215900
215761
215950
215850
215696
215929
215859
215914
215987
215704
215932
215857
216149
215433
215716
216142
215981
215822
216332
216028
216061
216007
215964
216209
215996
215982
215899
215924
215811
215961
215930
215974
216674
215886
215153
216004
216132
215922
215897
215872
215993
215923
215969
215683
215831
216208
215679
215966
215836
216020
215878
215886
216055
215750
216014
215868
215869
215783
215886
216026
215918
215948
215955
216035
216041
215797
215812
215903
215816
215817
215895
215781
215835
215854
215951
216082
215797
215930
215963
216051
216110
216065
216164
215985
215939
216327
216288
215979
215988
215929
215961
215958
215791
215959
215934
215924
215929
215798
215863
215849
215863
216030
215748
215827
215857
215961
215968
215998
215851
215898
215842
215691
215777
215949
215809
215979
215832
215785
215852
216049
215843
215988
215947
216099
215786
215847
215898
215782
215919
215923
215968
215931
215773
215841
215826
215967
216022
215908
215847
215779
215985
215843
215774
215982
215844
216079
215934
215861
215751
215853
215899
215868
216102
215829
215911
215935
216091
216267
215792
215909
215945
215709
216125
216208
216090
216074
215398
215508
215870
215684
216037
215736
216538
215327
215249
216058
215674
216295
215938
216090
216030
216047
215870
215789
215969
215824
215796
215923
215775
216248
216052
216103
216115
216269
216036
216900
215829
216008
215940
215759
215867
215988
215858
217292
216196
215958
215785
216157
216835
217050
215963
216058
215953
215992
215856
216045
215964
215907
215813
215695
215967
216191
215877
215899
215929
216037
215984
215954
215969
215771
216082
216076
216002
215873
215844
216107
215965
216009
216190
215999
216190
215845
215877
216094
215895
215917
215911
216043
216106
215980
215963
215866
216104
215891
216669
216082
215910
215871
216065
215964
215933
215835
215788
215823
215706
216047
215985
215961
215991
216157
215981
215733
216019
215779
215923
215915
215871
215931
215866
215700
215953
215852
215820
216017
215783
215945
215795
215752
216145
217108
216799
215377
215220
216038
216066
216020
216641
215952
215900
215942
216014
215783
215889
215856
215844
215926
215859
216097
215926
216083
215807
215841
215880
215974
215905
215811
215986
215963
216031
215937
215991
215847
216059
215891
215948
216096
215870
216042
215939
215816
216069
215955
215945
215837
216655
215853
215764
215783
215801
216153
216078
215852
215875
215833
215875
215810
215946
215890
215886
215738
215794
215820
215861
215947
216157
216044
215995
215937
215903
215957
216140
215933
215965
215884
215933
216045
216107
215209
215072
216276
216098
215956
215698
215900
215981
216011
216024
215806
216021
215895
215808
215858
216716
216058
215786
215787
216045
215755
215895
216871
215401
215197
215755
216129
215862
215861
215841
215832
215729
215973
215972
215936
215826
215811
215896
216011
215982
216004
215900
215973
216157
216018
215831
215789
215833
215917
215823
215782
216030
215703
216037
216094
215750
215831
215889
215970
215834
216043
215895
215905
215980
216031
215951
215850
215915
216502
215769
215846
216047
215920
216105
215997
215818
215815
215862
216132
215844
215712
215906
215863
215874
215942
215882
215806
215804
216783
215190
216157
216027
215984
215851
215868
215965
215868
215808
215970
216161
216132
216038
215848
215837
215919
215841
216091
215882
215975
215901
215846
216035
216004
216527
216888
216219
215677
215976
215974
215783
215122
215386
215157
216024
215905
217206
215316
215219
216682
215867
215924
215863
215907
215903
215933
216029
215865
215849
215842
215831
215730
215894
215795
215805
215797
215905
215936
215727
215898
216009
215735
216049
215995
216045
215930
216051
216135
215975
216030
216111
216094
215872
218762
215907
216750
215819
216282
215917
215787
216153
215883
215778
215837
215982
215793
216205
215739
215911
215993
215774
216018
215809
215889
215975
216040
215768
215872
216073
216052
216056
215899
215912
215894
215853
215826
215820
215868
215875
215863
215917
215842
215983
215175
215426
216851
215821
216120
216169
216555
215956
215847
215905
215793
216201
215838
215997
215810
215923
216015
215956
216416
215864
216174
215879
215804
215780
215920
216038
215955
215952
215839
215771
215905
215893
215911
215896
215850
215743
216367
215773
215822
215832
216014
216012
215819
215976
215818
216026
215873
216653
215870
215452
215745
216054
215992
215864
215728
216003
215995
215855
215817
215830
215973
215943
215850
215934
215772
215802
216131
215805
215900
215981
215852
216170
215949
215957
215880
215838
215857
215870
215856
215902
215780
215861
215845
215890
215784
216018
215879
215831
216046
215799
215881
215942
215973
216018
215926
215848
215962
215760
215919
216099
215848
217134
215998
215929
215750
215900
216015
215857
216002
215796
216211
215921
215868
215819
215899
215882
215992
215934
215876
215889
215824
215895
215870
215746
215650
215792
215937
215929
215888
216032
215867
215811
215832
216143
215901
215853
215873
215858
215732
215840
215981
215894
215937
216019
216311
215942
215927
215852
215751
215801
215846
215931
215894
215927
215855
215892
215944
215978
215934
215920
216064
215874
215792
215823
215843
215774
216025
215860
215848
215883
215776
216076
215887
215907
215876
215781
215990
216049
215831
215710
215714
215768
215739
215876
216020
215830
216064
215814
215988
217131
216420
